000011 615.00 65.00 2.00 191.22
000011 626.00 132.00 3.00 127.48
000011 626.00 132.00 3.00 127.48
000011 626.00 132.00 3.00 127.48
000011 854.00 25.00 22.00 17.38
000011 854.00 51.00 22.00 17.38
000011 852.00 78.00 23.00 16.63
000011 633.00 39.00 3.00 127.48
000011 633.00 32.00 3.00 127.48
000011 843.00 42.00 21.00 18.21
000011 843.00 42.00 21.00 18.21
000011 634.00 137.00 3.00 127.48
000011 636.00 26.00 3.00 127.48
000011 636.00 26.00 3.00 127.48
000011 833.00 54.00 21.00 18.21
000011 833.00 46.00 21.00 18.21
000011 829.00 29.00 21.00 18.21
000011 640.00 70.00 4.00 95.61
000011 642.00 79.00 3.00 127.48
000011 643.00 127.00 3.00 127.48
000011 644.00 49.00 3.00 127.48
000011 644.00 49.00 3.00 127.48
000011 817.00 70.00 19.00 20.13
000011 817.00 70.00 19.00 20.13
000011 645.00 105.00 4.00 95.61
000011 815.00 39.00 19.00 20.13
000011 645.00 93.00 3.00 127.48
000011 646.00 56.00 4.00 95.61
000011 647.00 46.00 4.00 95.61
000011 647.00 128.00 4.00 95.61
000011 650.00 118.00 4.00 95.61
000011 796.00 51.00 17.00 22.50
000011 796.00 51.00 17.00 22.50
000011 659.00 27.00 5.00 76.49
000011 795.00 32.00 17.00 22.50
000011 659.00 27.00 5.00 76.49
000011 668.00 44.00 6.00 63.74
000011 670.00 75.00 6.00 63.74
000011 671.00 54.00 6.00 63.74
000011 673.00 42.00 7.00 54.63
000011 678.00 48.00 7.00 54.63
000011 682.00 43.00 7.00 54.63
000011 683.00 94.00 7.00 54.63
000011 683.00 86.00 7.00 54.63
000011 733.00 134.00 10.00 38.24
000011 710.00 71.00 8.00 47.81
000011 710.00 71.00 8.00 47.81
000011 731.00 128.00 10.00 38.24
000011 729.00 43.00 10.00 38.24
000011 728.00 54.00 9.00 42.49
000011 728.00 54.00 9.00 42.49
000011 727.00 100.00 10.00 38.24
000011 712.00 146.00 9.00 42.49
000011 725.00 53.00 9.00 42.49
000011 725.00 65.00 10.00 38.24
000011 714.00 137.00 10.00 38.24
000011 716.00 128.00 10.00 38.24
000011 723.00 27.00 9.00 42.49
000011 723.00 45.00 9.00 42.49
000011 723.00 45.00 9.00 42.49
000011 723.00 96.00 9.00 42.49
000011 716.00 128.00 10.00 38.24
000011 717.00 142.00 9.00 42.49
000011 718.00 45.00 9.00 42.49
000011 718.00 45.00 9.00 42.49
000011 716.00 133.00 10.00 38.24
000011 650.00 46.00 3.00 127.48
000011 640.00 58.00 3.00 127.48
000011 637.00 144.00 3.00 127.48
000011 630.00 83.00 2.00 191.22
000011 847.00 32.00 22.00 17.38
000011 634.00 126.00 3.00 127.48
000011 635.00 66.00 3.00 127.48
000011 635.00 66.00 3.00 127.48
000011 833.00 61.00 21.00 18.21
000011 712.00 49.00 9.00 42.49
000011 828.00 62.00 21.00 18.21
000011 806.00 55.00 18.00 21.25
000012 1233.00 227.00 41.00 9.37
000012 864.00 59.00 11.00 34.94
000012 864.00 59.00 11.00 34.94
000012 862.00 73.00 10.00 38.44
000012 1227.00 246.00 39.00 9.86
000012 854.00 78.00 10.00 38.44
000012 846.00 83.00 10.00 38.44
000012 846.00 83.00 10.00 38.44
000012 845.00 72.00 10.00 38.44
000012 1221.00 242.00 40.00 9.61
000012 934.00 160.00 17.00 22.61
000012 934.00 152.00 16.00 24.02
000012 835.00 90.00 9.00 42.71
000012 833.00 80.00 8.00 48.05
000012 829.00 37.00 8.00 48.05
000012 798.00 97.00 6.00 64.06
000012 798.00 97.00 6.00 64.06
000012 1171.00 196.00 36.00 10.68
000012 1062.00 224.00 28.00 13.73
000012 1062.00 224.00 28.00 13.73
000012 1069.00 226.00 29.00 13.25
000012 1069.00 226.00 29.00 13.25
000012 1069.00 29.00 27.00 14.24
000012 1069.00 29.00 27.00 14.24
000012 1111.00 261.00 32.00 12.01
000012 863.00 95.00 11.00 34.94
000012 863.00 95.00 11.00 34.94
000012 1098.00 235.00 31.00 12.40
000012 1228.00 234.00 40.00 9.61
000012 898.00 38.00 14.00 27.46
000012 1236.00 239.00 40.00 9.61
000012 859.00 68.00 10.00 38.44
000012 1079.00 20.00 27.00 14.24
000012 1076.00 70.00 28.00 13.73
000012 1075.00 240.00 29.00 13.25
000012 1075.00 240.00 29.00 13.25
000012 1075.00 219.00 29.00 13.25
000012 1070.00 233.00 29.00 13.25
000012 1070.00 233.00 29.00 13.25
000012 1069.00 220.00 28.00 13.73
000012 1067.00 40.00 26.00 14.78
000012 1067.00 241.00 28.00 13.73
000012 1066.00 17.00 27.00 14.24
000012 1063.00 228.00 28.00 13.73
000012 1063.00 229.00 28.00 13.73
000012 1126.00 243.00 34.00 11.31
000012 1060.00 40.00 26.00 14.78
000012 1055.00 239.00 28.00 13.73
000012 1053.00 234.00 28.00 13.73
000012 1049.00 220.00 27.00 14.24
000012 1049.00 220.00 27.00 14.24
000012 1049.00 215.00 28.00 13.73
000012 1045.00 74.00 25.00 15.37
000012 855.00 116.00 11.00 34.94
000012 1042.00 72.00 25.00 15.37
000012 1227.00 253.00 40.00 9.61
000012 1041.00 238.00 26.00 14.78
000012 853.00 19.00 10.00 38.44
000012 850.00 74.00 9.00 42.71
000012 850.00 45.00 10.00 38.44
000012 849.00 87.00 10.00 38.44
000012 1032.00 64.00 24.00 16.02
000012 1030.00 62.00 23.00 16.71
000012 1030.00 62.00 23.00 16.71
000012 1029.00 76.00 23.00 16.71
000012 1027.00 59.00 23.00 16.71
000012 886.00 124.00 14.00 27.46
000012 846.00 41.00 10.00 38.44
000012 845.00 100.00 9.00 42.71
000012 1012.00 26.00 21.00 18.30
000012 1012.00 26.00 21.00 18.30
000012 881.00 95.00 11.00 34.94
000012 839.00 84.00 9.00 42.71
000012 839.00 84.00 9.00 42.71
000012 916.00 167.00 16.00 24.02
000012 916.00 167.00 16.00 24.02
000012 996.00 62.00 21.00 18.30
000012 867.00 53.00 11.00 34.94
000012 916.00 167.00 16.00 24.02
000012 867.00 78.00 11.00 34.94
000012 1234.00 264.00 40.00 9.61
000012 989.00 87.00 21.00 18.30
000012 1213.00 209.00 39.00 9.86
000012 867.00 65.00 11.00 34.94
000012 748.00 104.00 3.00 128.12
000012 832.00 86.00 9.00 42.71
000012 826.00 91.00 8.00 48.05
000012 825.00 82.00 7.00 54.91
000012 970.00 93.00 19.00 20.23
000012 959.00 23.00 17.00 22.61
000012 787.00 95.00 5.00 76.87
000012 816.00 49.00 7.00 54.91
000012 947.00 62.00 17.00 22.61
000012 947.00 62.00 17.00 22.61
000012 797.00 64.00 4.00 96.09
000012 798.00 36.00 5.00 76.87
000012 801.00 82.00 5.00 76.87
000012 803.00 20.00 5.00 76.87
000012 808.00 64.00 6.00 64.06
000012 1145.00 249.00 34.00 11.31
000012 958.00 19.00 18.00 21.35
000012 1190.00 267.00 37.00 10.39
000012 1058.00 238.00 27.00 14.24
000012 841.00 76.00 9.00 42.71
000012 1066.00 234.00 28.00 13.73
000012 963.00 4.00 19.00 20.23
000012 847.00 66.00 10.00 38.44
000012 1045.00 210.00 27.00 14.24
000012 1226.00 277.00 40.00 9.61
000013 688.00 44.00 7.00 54.11
000013 689.00 46.00 8.00 47.35
000013 690.00 34.00 8.00 47.35
000013 633.00 108.00 9.00 42.09
000013 690.00 48.00 7.00 54.11
000013 627.00 82.00 8.00 47.35
000013 691.00 36.00 8.00 47.35
000013 682.00 75.00 8.00 47.35
000013 725.00 74.00 7.00 54.11
000013 693.00 39.00 8.00 47.35
000013 680.00 45.00 8.00 47.35
000013 679.00 54.00 8.00 47.35
000013 365.00 164.00 14.00 27.06
000013 693.00 33.00 7.00 54.11
000013 655.00 87.00 7.00 54.11
000013 656.00 70.00 8.00 47.35
000013 696.00 46.00 8.00 47.35
000013 777.00 43.00 9.00 42.09
000013 658.00 67.00 7.00 54.11
000013 778.00 42.00 8.00 47.35
000013 662.00 69.00 8.00 47.35
000013 719.00 43.00 8.00 47.35
000013 662.00 63.00 8.00 47.35
000013 665.00 59.00 8.00 47.35
000013 719.00 43.00 8.00 47.35
000013 718.00 69.00 8.00 47.35
000013 675.00 50.00 8.00 47.35
000013 1008.00 136.00 18.00 21.04
000013 718.00 65.00 8.00 47.35
000013 666.00 75.00 7.00 54.11
000013 715.00 37.00 8.00 47.35
000013 668.00 84.00 8.00 47.35
000013 706.00 60.00 7.00 54.11
000013 710.00 47.00 7.00 54.11
000013 710.00 47.00 7.00 54.11
000013 321.00 159.00 17.00 22.28
000013 321.00 159.00 17.00 22.28
000013 709.00 34.00 7.00 54.11
000013 709.00 34.00 7.00 54.11
000013 671.00 54.00 8.00 47.35
000013 671.00 50.00 8.00 47.35
000013 672.00 72.00 7.00 54.11
000013 957.00 133.00 17.00 22.28
000013 318.00 155.00 17.00 22.28
000013 674.00 68.00 8.00 47.35
000013 713.00 60.00 7.00 54.11
000013 667.00 51.00 7.00 54.11
000013 667.00 67.00 7.00 54.11
000013 641.00 102.00 8.00 47.35
000013 711.00 31.00 7.00 54.11
000014 303.00 139.00 23.00 16.47
000014 304.00 121.00 23.00 16.47
000014 682.00 161.00 12.00 31.57
000014 302.00 62.00 23.00 16.47
000014 298.00 119.00 23.00 16.47
000014 297.00 124.00 22.00 17.22
000014 307.00 89.00 22.00 17.22
000014 295.00 178.00 23.00 16.47
000014 294.00 125.00 23.00 16.47
000014 309.00 68.00 23.00 16.47
000014 292.00 166.00 22.00 17.22
000014 311.00 214.00 22.00 17.22
000014 311.00 122.00 23.00 16.47
000014 311.00 139.00 22.00 17.22
000014 290.00 7.00 24.00 15.78
000014 282.00 90.00 23.00 16.47
000014 280.00 190.00 22.00 17.22
000014 280.00 172.00 23.00 16.47
000014 279.00 5.00 24.00 15.78
000014 325.00 126.00 22.00 17.22
000014 327.00 32.00 23.00 16.47
000014 684.00 196.00 12.00 31.57
000014 272.00 123.00 23.00 16.47
000014 272.00 123.00 23.00 16.47
000014 337.00 190.00 22.00 17.22
000014 342.00 18.00 24.00 15.78
000014 342.00 18.00 24.00 15.78
000014 265.00 15.00 24.00 15.78
000014 344.00 172.00 21.00 18.04
000014 261.00 11.00 24.00 15.78
000014 261.00 200.00 22.00 17.22
000014 344.00 166.00 21.00 18.04
000014 345.00 11.00 24.00 15.78
000014 348.00 208.00 21.00 18.04
000014 349.00 14.00 24.00 15.78
000014 350.00 157.00 21.00 18.04
000014 688.00 193.00 12.00 31.57
000014 357.00 217.00 20.00 18.94
000014 248.00 22.00 24.00 15.78
000014 358.00 165.00 21.00 18.04
000014 245.00 161.00 23.00 16.47
000014 243.00 159.00 22.00 17.22
000014 364.00 209.00 21.00 18.04
000014 238.00 115.00 23.00 16.47
000014 689.00 188.00 12.00 31.57
000014 365.00 25.00 23.00 16.47
000014 689.00 154.00 12.00 31.57
000014 689.00 154.00 12.00 31.57
000014 369.00 125.00 21.00 18.04
000014 369.00 125.00 21.00 18.04
000014 690.00 179.00 12.00 31.57
000014 373.00 126.00 21.00 18.04
000014 373.00 126.00 21.00 18.04
000014 373.00 195.00 19.00 19.94
000014 374.00 231.00 20.00 18.94
000014 376.00 209.00 21.00 18.04
000014 376.00 49.00 21.00 18.04
000014 379.00 219.00 20.00 18.94
000014 380.00 37.00 21.00 18.04
000014 382.00 204.00 20.00 18.94
000014 383.00 117.00 21.00 18.04
000014 384.00 133.00 21.00 18.04
000014 385.00 225.00 20.00 18.94
000014 389.00 117.00 22.00 17.22
000014 218.00 162.00 23.00 16.47
000014 391.00 226.00 19.00 19.94
000014 393.00 117.00 21.00 18.04
000014 394.00 10.00 22.00 17.22
000014 397.00 7.00 22.00 17.22
000014 693.00 201.00 12.00 31.57
000014 400.00 54.00 21.00 18.04
000014 402.00 7.00 22.00 17.22
000014 693.00 172.00 12.00 31.57
000014 412.00 125.00 20.00 18.94
000014 694.00 187.00 12.00 31.57
000014 694.00 184.00 12.00 31.57
000014 441.00 5.00 22.00 17.22
000014 441.00 45.00 22.00 17.22
000014 696.00 167.00 12.00 31.57
000014 450.00 23.00 20.00 18.94
000014 696.00 163.00 12.00 31.57
000014 697.00 186.00 12.00 31.57
000014 698.00 204.00 12.00 31.57
000014 476.00 112.00 19.00 19.94
000014 294.00 61.00 22.00 17.22
000014 314.00 119.00 22.00 17.22
000014 287.00 171.00 23.00 16.47
000014 276.00 167.00 22.00 17.22
000014 333.00 141.00 22.00 17.22
000014 333.00 141.00 22.00 17.22
000014 340.00 193.00 22.00 17.22
000014 264.00 167.00 22.00 17.22
000014 344.00 228.00 20.00 18.94
000014 348.00 167.00 21.00 18.04
000014 348.00 167.00 21.00 18.04
000014 349.00 233.00 20.00 18.94
000014 350.00 165.00 21.00 18.04
000014 689.00 149.00 12.00 31.57
000014 248.00 130.00 22.00 17.22
000014 365.00 232.00 20.00 18.94
000014 693.00 192.00 12.00 31.57
000014 403.00 214.00 20.00 18.94
000014 423.00 19.00 22.00 17.22
000014 694.00 176.00 12.00 31.57
000014 357.00 174.00 21.00 18.04
000014 339.00 159.00 21.00 18.04
000014 398.00 207.00 19.00 19.94
000014 281.00 28.00 23.00 16.47
000014 474.00 210.00 18.00 21.04
000014 406.00 5.00 22.00 17.22
000014 369.00 121.00 20.00 18.94
000014 690.00 166.00 12.00 31.57
000014 243.00 135.00 23.00 16.47
000015 460.00 121.00 37.00 10.39
000015 455.00 138.00 38.00 10.12
000015 453.00 120.00 38.00 10.12
000015 453.00 120.00 38.00 10.12
000015 450.00 124.00 38.00 10.12
000015 998.00 6.00 22.00 17.47
000015 996.00 44.00 22.00 17.47
000015 995.00 19.00 22.00 17.47
000015 993.00 11.00 22.00 17.47
000015 289.00 105.00 39.00 9.86
000015 285.00 53.00 39.00 9.86
000015 280.00 106.00 40.00 9.61
000015 276.00 60.00 38.00 10.12
000015 271.00 54.00 39.00 9.86
000015 264.00 49.00 39.00 9.86
000015 259.00 106.00 38.00 10.12
000015 144.00 38.00 38.00 10.12
000015 144.00 38.00 38.00 10.12
000015 248.00 54.00 39.00 9.86
000015 248.00 54.00 39.00 9.86
000015 244.00 53.00 39.00 9.86
000015 238.00 53.00 38.00 10.12
000015 150.00 103.00 38.00 10.12
000015 179.00 62.00 38.00 10.12
000015 159.00 57.00 38.00 10.12
000015 174.00 68.00 39.00 9.86
000015 165.00 62.00 37.00 10.39
000015 171.00 62.00 37.00 10.39
000015 452.00 116.00 37.00 10.39
000015 199.00 57.00 38.00 10.12
000015 201.00 51.00 39.00 9.86
000015 203.00 55.00 39.00 9.86
000015 203.00 105.00 38.00 10.12
000015 207.00 53.00 38.00 10.12
000015 207.00 53.00 38.00 10.12
000015 213.00 62.00 39.00 9.86
000015 226.00 51.00 39.00 9.86
000015 226.00 51.00 39.00 9.86
000015 266.00 55.00 39.00 9.86
000015 266.00 63.00 38.00 10.12
000015 274.00 112.00 38.00 10.12
000015 276.00 82.00 39.00 9.86
000015 276.00 82.00 39.00 9.86
000015 278.00 64.00 40.00 9.61
000015 283.00 112.00 39.00 9.86
000015 285.00 59.00 39.00 9.86
000015 292.00 46.00 39.00 9.86
000015 989.00 24.00 23.00 16.71
000015 156.00 116.00 38.00 10.12
000015 179.00 68.00 38.00 10.12
000015 309.00 73.00 38.00 10.12
000015 279.00 81.00 39.00 9.86
000015 182.00 58.00 38.00 10.12
